7.521333312988281250e+01
8.923500061035156250e+01
9.068499755859375000e+01
9.164666748046875000e+01
9.241166687011718750e+01
9.314833068847656250e+01
9.374500274658203125e+01
9.420500183105468750e+01
9.462166595458984375e+01
9.496666717529296875e+01
9.525499725341796875e+01
9.552666473388671875e+01
9.580666351318359375e+01
9.609500122070312500e+01
9.625333404541015625e+01
9.644166564941406250e+01
9.658499908447265625e+01
9.674500274658203125e+01
9.689333343505859375e+01
9.703500366210937500e+01
9.712166595458984375e+01
9.715666961669921875e+01
9.727333068847656250e+01
9.738333129882812500e+01
9.745333099365234375e+01
9.749833679199218750e+01
9.763833618164062500e+01
9.766999816894531250e+01
9.769499969482421875e+01
9.777333068847656250e+01
