8.107771171505252436e-03
2.867408919210235382e-03
2.484524837384621387e-03
2.231368585365513940e-03
2.026679720543325073e-03
1.850085172926386112e-03
1.689120828919112721e-03
1.554425665115316676e-03
1.435309984379758543e-03
1.342010993883013684e-03
1.252578349628796252e-03
1.177293765172362366e-03
1.103720934161295502e-03
1.037504642317071566e-03
9.842731364381809844e-04
9.404436165932566040e-04
8.940341053220133031e-04
8.513725339900702401e-04
8.139892121156056676e-04
7.833631117983411206e-04
7.538054287433623973e-04
7.307489898987114263e-04
7.040383530935893442e-04
6.800348344569405457e-04
6.599650324477504201e-04
6.425052505762626764e-04
6.214396049889425126e-04
6.061061287609239342e-04
5.895391170323516184e-04
5.699517177611899662e-04
