8.238176472981771636e-03
2.860727945963541848e-03
2.416668701171875190e-03
2.138875325520833530e-03
1.907835896809895746e-03
1.725979105631510364e-03
1.577159118652343662e-03
1.444106038411458381e-03
1.330328623453775998e-03
1.236783854166666630e-03
1.153799692789713458e-03
1.082377370198567799e-03
1.023928324381510489e-03
9.694567362467448272e-04
9.172354380289713532e-04
8.713562011718750536e-04
8.365095774332682301e-04
8.047748565673828493e-04
7.738597869873046478e-04
7.479011535644530719e-04
7.235221862792968811e-04
7.027856826782226960e-04
6.801994323730469090e-04
6.598975499471028319e-04
6.415526707967122164e-04
6.257040023803711127e-04
6.081818262736002779e-04
5.906365076700846421e-04
5.783665657043457519e-04
5.662058830261229971e-04
