7.446499633789062500e+01
8.922333526611328125e+01
9.100499725341796875e+01
9.205500030517578125e+01
9.292833709716796875e+01
9.358666992187500000e+01
9.415000152587890625e+01
9.466166687011718750e+01
9.507333374023437500e+01
9.541333007812500000e+01
9.569166564941406250e+01
9.597333526611328125e+01
9.611833190917968750e+01
9.632166290283203125e+01
9.652333068847656250e+01
9.672000122070312500e+01
9.684999847412109375e+01
9.693333435058593750e+01
9.707666778564453125e+01
9.715499877929687500e+01
9.722833251953125000e+01
9.729166412353515625e+01
9.740666961669921875e+01
9.747666931152343750e+01
9.754333496093750000e+01
9.758499908447265625e+01
9.761833190917968750e+01
9.775000000000000000e+01
9.778333282470703125e+01
9.782666778564453125e+01
