5.357897744824488898e-03
2.511311543857057925e-03
2.088312637122968687e-03
1.831392492602268917e-03
1.652744871315856750e-03
1.510588005247215414e-03
1.394124714036782666e-03
1.290088196378201242e-03
1.200131029014786131e-03
1.120874856815983834e-03
1.049532835309704157e-03
9.888100487956156745e-04
9.338535347798218849e-04
8.819171211992700952e-04
8.357780048313240544e-04
7.951308120197306565e-04
7.581620173839231274e-04
7.238501849273840105e-04
6.918172948993742957e-04
6.627489380538464101e-04
6.375614200408260450e-04
6.103181931500633196e-04
5.892883314285426912e-04
5.691365334438159554e-04
5.457717604081456465e-04
5.266225508879870563e-04
5.077365173570190472e-04
4.886363955525060889e-04
4.720450231262172339e-04
4.553005796313906901e-04
