8.067500305175781250e+01
9.082333374023437500e+01
9.236833190917968750e+01
9.332333374023437500e+01
9.404166412353515625e+01
9.451833343505859375e+01
9.491333007812500000e+01
9.533666992187500000e+01
9.563999938964843750e+01
9.595999908447265625e+01
9.626499938964843750e+01
9.646666717529296875e+01
9.668000030517578125e+01
9.680166625976562500e+01
9.698000335693359375e+01
9.714167022705078125e+01
9.728333282470703125e+01
9.736833190917968750e+01
9.745833587646484375e+01
9.758499908447265625e+01
9.769166564941406250e+01
9.774666595458984375e+01
9.786333465576171875e+01
9.790166473388671875e+01
9.802500152587890625e+01
9.810333251953125000e+01
9.813500213623046875e+01
9.821333312988281250e+01
9.826166534423828125e+01
9.834999847412109375e+01
